Metric (key = "distance") {float {1.0}}
Metric (key = "angle") {float {1.0}}
Metric (key = "time") {float {1.0}}
Metric (key = "up") {string {"z"}}

Node $node1
{
	Name {string {"Armature"}}

	Transform %transform
	{
		float[16]
		{
			{1.0, 0.0, 0.0, 0.0,
			 0.0, 1.0, 0.0, 0.0,
			 0.0, 0.0, 1.0, 0.0,
			 0.0625, 0.5, 0.5625, 1.0}
		}
	}

	BoneNode $node2
	{
		Name {string {"Bone"}}

		Transform %transform
		{
			float[16]
			{
				{0.995879054069519, -0.08276058733463287, -0.03708826005458832, 0.0,
				 0.08276058733463287, 0.662084698677063, 0.7448452711105347, 0.0,
				 -0.03708826005458832, -0.7448452711105347, 0.666205644607544, 0.0,
				 -0.0625, -0.5, -0.5625, 1.0}
			}
		}

		BoneNode $node3
		{
			Name {string {"Bone.001"}}

			Transform %transform
			{
				float[16]
				{
					{0.9828514456748962, 0.17781132459640503, 0.048848602920770645, 0.0,
					 -0.16478385031223297, 0.7280296683311462, 0.6654465794563293, 0.0,
					 0.08276070654392242, -0.6620845794677734, 0.744845449924469, 0.0,
					 0.0, 0.7551904320716858, 0.0, 1.0}
				}
			}

			Animation
			{
				Track (target = %transform)
				{
					Time
					{
						Key {float {0.0, 0.041666666666666664, 0.08333333333333333, 0.125, 0.16666666666666666, 0.20833333333333331, 0.25, 0.29166666666666663, 0.3333333333333333, 0.375, 0.41666666666666663, 0.4583333333333333, 0.5, 0.5416666666666666, 0.5833333333333333, 0.625, 0.6666666666666666, 0.7083333333333333, 0.75, 0.7916666666666666, 0.8333333333333333, 0.875, 0.9166666666666666, 0.9583333333333333, 1.0, 1.0416666666666665, 1.0833333333333333, 1.125, 1.1666666666666665, 1.2083333333333333, 1.25, 1.2916666666666665, 1.3333333333333333, 1.375, 1.4166666666666665, 1.4583333333333333, 1.5, 1.5416666666666665, 1.5833333333333333, 1.625, 1.6666666666666665, 1.7083333333333333, 1.75, 1.7916666666666665, 1.8333333333333333, 1.875, 1.9166666666666665, 1.9583333333333333, 2.0, 2.0416666666666665, 2.083333333333333, 2.125, 2.1666666666666665, 2.208333333333333, 2.25, 2.2916666666666665, 2.333333333333333, 2.375, 2.4166666666666665, 2.458333333333333, 2.5, 2.5416666666666665, 2.583333333333333, 2.625, 2.6666666666666665, 2.708333333333333, 2.75, 2.7916666666666665, 2.833333333333333, 2.875, 2.9166666666666665, 2.958333333333333, 3.0, 3.0416666666666665, 3.083333333333333, 3.125, 3.1666666666666665, 3.208333333333333, 3.25, 3.2916666666666665, 3.333333333333333, 3.375, 3.4166666666666665, 3.458333333333333, 3.5, 3.5416666666666665, 3.583333333333333, 3.625, 3.6666666666666665, 3.708333333333333, 3.75, 3.7916666666666665, 3.833333333333333, 3.875, 3.9166666666666665, 3.958333333333333, 4.0, 4.041666666666666, 4.083333333333333, 4.125, 4.166666666666666, 4.208333333333333, 4.25, 4.291666666666666, 4.333333333333333, 4.375, 4.416666666666666, 4.458333333333333, 4.5, 4.541666666666666, 4.583333333333333, 4.625, 4.666666666666666, 4.708333333333333, 4.75, 4.791666666666666, 4.833333333333333, 4.875, 4.916666666666666, 4.958333333333333, 5.0, 5.041666666666666, 5.083333333333333, 5.125, 5.166666666666666, 5.208333333333333, 5.25, 5.291666666666666, 5.333333333333333, 5.375, 5.416666666666666, 5.458333333333333, 5.5, 5.541666666666666, 5.583333333333333, 5.625, 5.666666666666666, 5.708333333333333, 5.75, 5.791666666666666, 5.833333333333333, 5.875, 5.916666666666666, 5.958333333333333, 6.0, 6.041666666666666, 6.083333333333333, 6.125, 6.166666666666666, 6.208333333333333, 6.25, 6.291666666666666, 6.333333333333333, 6.375, 6.416666666666666, 6.458333333333333, 6.5, 6.541666666666666, 6.583333333333333, 6.625, 6.666666666666666, 6.708333333333333, 6.75, 6.791666666666666, 6.833333333333333, 6.875, 6.916666666666666, 6.958333333333333, 7.0, 7.041666666666666, 7.083333333333333, 7.125, 7.166666666666666, 7.208333333333333, 7.25, 7.291666666666666, 7.333333333333333, 7.375, 7.416666666666666, 7.458333333333333, 7.5, 7.541666666666666, 7.583333333333333, 7.625, 7.666666666666666, 7.708333333333333, 7.75, 7.791666666666666, 7.833333333333333, 7.875, 7.916666666666666, 7.958333333333333, 8.0, 8.041666666666666, 8.083333333333332, 8.125, 8.166666666666666, 8.208333333333332, 8.25, 8.291666666666666, 8.333333333333332, 8.375, 8.416666666666666, 8.458333333333332, 8.5, 8.541666666666666, 8.583333333333332, 8.625, 8.666666666666666, 8.708333333333332, 8.75, 8.791666666666666, 8.833333333333332, 8.875, 8.916666666666666, 8.958333333333332, 9.0, 9.041666666666666, 9.083333333333332, 9.125, 9.166666666666666, 9.208333333333332, 9.25, 9.291666666666666, 9.333333333333332, 9.375, 9.416666666666666, 9.458333333333332, 9.5, 9.541666666666666, 9.583333333333332, 9.625, 9.666666666666666, 9.708333333333332, 9.75, 9.791666666666666, 9.833333333333332, 9.875, 9.916666666666666, 9.958333333333332, 10.0, 10.041666666666666, 10.083333333333332, 10.125, 10.166666666666666, 10.208333333333332, 10.25, 10.291666666666666, 10.333333333333332, 10.416666666666666}}
					}

					Value
					{
						Key
						{
							float[16]
							{
								{0.9958791136741638, 0.08276067674160004, -0.037088364362716675, 0.0, -0.03708827495574951, 0.744845449924469, 0.6662055253982544, 0.0, 0.08276071399450302, -0.6620846390724182, 0.744845449924469, 0.0, 0.0, 0.7551904320716858, 0.0, 1.0},
								{0.9942132234573364, 0.10621852427721024, -0.016051849350333214, 0.0, -0.0684887021780014, 0.7418636679649353, 0.6670439839363098, 0.0, 0.08276071399450302, -0.6620846390724182, 0.744845449924469, 0.0, 0.0, 0.7551904320716858, 0.0, 1.0},
								{0.9828514456748962, 0.17781132459640503, 0.048848602920770645, 0.0, -0.16478385031223297, 0.7280296683311462, 0.6654465794563293, 0.0, 0.08276070654392242, -0.6620845794677734, 0.744845449924469, 0.0, 0.0, 0.7551904320716858, 0.0, 1.0},
								{0.9423642158508301, 0.29513078927993774, 0.15763111412525177, 0.0, -0.32419195771217346, 0.6888700127601624, 0.6483500003814697, 0.0, 0.08276069909334183, -0.6620845794677734, 0.744845449924469, 0.0, 0.0, 0.7551904320716858, 0.0, 1.0},
								{0.8454793691635132, 0.442304790019989, 0.29921743273735046, 0.0, -0.5275559425354004, 0.6049880385398865, 0.5963842868804932, 0.0, 0.08276068419218063, -0.6620845794677734, 0.744845449924469, 0.0, 0.0, 0.7551904320716858, 0.0, 1.0},
								{0.6779674887657166, 0.5852059721946716, 0.4448530375957489, 0.0, -0.73041832447052, 0.4681646525859833, 0.4973038136959076, 0.0, 0.08276066184043884, -0.6620845794677734, 0.7448455095291138, 0.0, 0.0, 0.7551904320716858, 0.0, 1.0},
								{0.46320751309394836, 0.6873235702514648, 0.559486448764801, 0.0, -0.8823772072792053, 0.2987145483493805, 0.3635658621788025, 0.0, 0.08276063948869705, -0.6620845794677734, 0.7448455095291138, 0.0, 0.0, 0.7551904320716858, 0.0, 1.0},
								{0.2532004714012146, 0.7368532419204712, 0.6268469095230103, 0.0, -0.9638674259185791, 0.13671697676181793, 0.22862251102924347, 0.0, 0.08276061713695526, -0.6620845794677734, 0.7448455095291138, 0.0, 0.0, 0.7551904320716858, 0.0, 1.0},
								{0.0912228673696518, 0.7493045330047607, 0.6559122800827026, 0.0, -0.9923853874206543, 0.013663254678249359, 0.12241014093160629, 0.0, 0.08276060223579407, -0.6620845794677734, 0.7448455095291138, 0.0, 0.0, 0.7551904320716858, 0.0, 1.0},
								{-0.005650643724948168, 0.747085690498352, 0.6647037267684937, 0.0, -0.9965534210205078, -0.05922012776136398, 0.05808805301785469, 0.0, 0.08276059478521347, -0.6620845794677734, 0.7448455095291138, 0.0, 0.0, 0.7551904320716858, 0.0, 1.0},
								{-0.03708841651678085, 0.7448455095291138, 0.6662055253982544, 0.0, -0.9958792328834534, -0.08276056498289108, 0.03708803281188011, 0.0, 0.08276038616895676, -0.6620846390724182, 0.744845449924469, 0.0, 0.0, 0.7551904320716858, 0.0, 1.0},
								{-0.03708841651678085, 0.7448455095291138, 0.6662055253982544, 0.0, -0.9958792328834534, -0.08276056498289108, 0.03708803281188011, 0.0, 0.08276038616895676, -0.6620846390724182, 0.744845449924469, 0.0, 0.0, 0.7551904320716858, 0.0, 1.0},
								{-0.03708841651678085, 0.7448455095291138, 0.6662055253982544, 0.0, -0.9958792328834534, -0.08276056498289108, 0.03708803281188011, 0.0, 0.08276038616895676, -0.6620846390724182, 0.744845449924469, 0.0, 0.0, 0.7551904320716858, 0.0, 1.0},
								{-0.03708841651678085, 0.7448455095291138, 0.6662055253982544, 0.0, -0.9958792328834534, -0.08276056498289108, 0.03708803281188011, 0.0, 0.08276038616895676, -0.6620846390724182, 0.744845449924469, 0.0, 0.0, 0.7551904320716858, 0.0, 1.0},
								{-0.03708841651678085, 0.7448455095291138, 0.6662055253982544, 0.0, -0.9958792328834534, -0.08276056498289108, 0.03708803281188011, 0.0, 0.08276038616895676, -0.6620846390724182, 0.744845449924469, 0.0, 0.0, 0.7551904320716858, 0.0, 1.0},
								{-0.03708841651678085, 0.7448455095291138, 0.6662055253982544, 0.0, -0.9958792328834534, -0.08276056498289108, 0.03708803281188011, 0.0, 0.08276038616895676, -0.6620846390724182, 0.744845449924469, 0.0, 0.0, 0.7551904320716858, 0.0, 1.0},
								{-0.03708841651678085, 0.7448455095291138, 0.6662055253982544, 0.0, -0.9958792328834534, -0.08276056498289108, 0.03708803281188011, 0.0, 0.08276038616895676, -0.6620846390724182, 0.744845449924469, 0.0, 0.0, 0.7551904320716858, 0.0, 1.0},
								{-0.03708841651678085, 0.7448455095291138, 0.6662055253982544, 0.0, -0.9958792328834534, -0.08276056498289108, 0.03708803281188011, 0.0, 0.08276038616895676, -0.6620846390724182, 0.744845449924469, 0.0, 0.0, 0.7551904320716858, 0.0, 1.0},
								{-0.03708841651678085, 0.7448455095291138, 0.6662055253982544, 0.0, -0.9958792328834534, -0.08276056498289108, 0.03708803281188011, 0.0, 0.08276038616895676, -0.6620846390724182, 0.744845449924469, 0.0, 0.0, 0.7551904320716858, 0.0, 1.0},
								{-0.03708841651678085, 0.7448455095291138, 0.6662055253982544, 0.0, -0.9958792328834534, -0.08276056498289108, 0.03708803281188011, 0.0, 0.08276038616895676, -0.6620846390724182, 0.744845449924469, 0.0, 0.0, 0.7551904320716858, 0.0, 1.0},
								{-0.03708841651678085, 0.7448455095291138, 0.6662055253982544, 0.0, -0.9958792328834534, -0.08276056498289108, 0.03708803281188011, 0.0, 0.08276038616895676, -0.6620846390724182, 0.744845449924469, 0.0, 0.0, 0.7551904320716858, 0.0, 1.0},
								{-0.03708841651678085, 0.7448455095291138, 0.6662055253982544, 0.0, -0.9958792328834534, -0.08276056498289108, 0.03708803281188011, 0.0, 0.08276038616895676, -0.6620846390724182, 0.744845449924469, 0.0, 0.0, 0.7551904320716858, 0.0, 1.0},
								{-0.03708841651678085, 0.7448455095291138, 0.6662055253982544, 0.0, -0.9958792328834534, -0.08276056498289108, 0.03708803281188011, 0.0, 0.08276038616895676, -0.6620846390724182, 0.744845449924469, 0.0, 0.0, 0.7551904320716858, 0.0, 1.0},
								{-0.03708841651678085, 0.7448455095291138, 0.6662055253982544, 0.0, -0.9958792328834534, -0.08276056498289108, 0.03708803281188011, 0.0, 0.08276038616895676, -0.6620846390724182, 0.744845449924469, 0.0, 0.0, 0.7551904320716858, 0.0, 1.0},
								{-0.03708841651678085, 0.7448455095291138, 0.6662055253982544, 0.0, -0.9958792328834534, -0.08276056498289108, 0.03708803281188011, 0.0, 0.08276038616895676, -0.6620846390724182, 0.744845449924469, 0.0, 0.0, 0.7551904320716858, 0.0, 1.0},
								{-0.03708841651678085, 0.7448455095291138, 0.6662055253982544, 0.0, -0.9958792328834534, -0.08276056498289108, 0.03708803281188011, 0.0, 0.08276038616895676, -0.6620846390724182, 0.744845449924469, 0.0, 0.0, 0.7551904320716858, 0.0, 1.0},
								{-0.03708841651678085, 0.7448455095291138, 0.6662055253982544, 0.0, -0.9958792328834534, -0.08276056498289108, 0.03708803281188011, 0.0, 0.08276038616895676, -0.6620846390724182, 0.744845449924469, 0.0, 0.0, 0.7551904320716858, 0.0, 1.0},
								{-0.03708841651678085, 0.7448455095291138, 0.6662055253982544, 0.0, -0.9958792328834534, -0.08276056498289108, 0.03708803281188011, 0.0, 0.08276038616895676, -0.6620846390724182, 0.744845449924469, 0.0, 0.0, 0.7551904320716858, 0.0, 1.0},
								{-0.03708841651678085, 0.7448455095291138, 0.6662055253982544, 0.0, -0.9958792328834534, -0.08276056498289108, 0.03708803281188011, 0.0, 0.08276038616895676, -0.6620846390724182, 0.744845449924469, 0.0, 0.0, 0.7551904320716858, 0.0, 1.0},
								{-0.03708841651678085, 0.7448455095291138, 0.6662055253982544, 0.0, -0.9958792328834534, -0.08276056498289108, 0.03708803281188011, 0.0, 0.08276038616895676, -0.6620846390724182, 0.744845449924469, 0.0, 0.0, 0.7551904320716858, 0.0, 1.0},
								{-0.03708841651678085, 0.7448455095291138, 0.6662055253982544, 0.0, -0.9958792328834534, -0.08276056498289108, 0.03708803281188011, 0.0, 0.08276038616895676, -0.6620846390724182, 0.744845449924469, 0.0, 0.0, 0.7551904320716858, 0.0, 1.0},
								{-0.03708841651678085, 0.7448455095291138, 0.6662055253982544, 0.0, -0.9958792328834534, -0.08276056498289108, 0.03708803281188011, 0.0, 0.08276038616895676, -0.6620846390724182, 0.744845449924469, 0.0, 0.0, 0.7551904320716858, 0.0, 1.0},
								{-0.03708841651678085, 0.7448455095291138, 0.6662055253982544, 0.0, -0.9958792328834534, -0.08276056498289108, 0.03708803281188011, 0.0, 0.08276038616895676, -0.6620846390724182, 0.744845449924469, 0.0, 0.0, 0.7551904320716858, 0.0, 1.0},
								{-0.03708841651678085, 0.7448455095291138, 0.6662055253982544, 0.0, -0.9958792328834534, -0.08276056498289108, 0.03708803281188011, 0.0, 0.08276038616895676, -0.6620846390724182, 0.744845449924469, 0.0, 0.0, 0.7551904320716858, 0.0, 1.0},
								{-0.03708841651678085, 0.7448455095291138, 0.6662055253982544, 0.0, -0.9958792328834534, -0.08276056498289108, 0.03708803281188011, 0.0, 0.08276038616895676, -0.6620846390724182, 0.744845449924469, 0.0, 0.0, 0.7551904320716858, 0.0, 1.0},
								{-0.03708841651678085, 0.7448455095291138, 0.6662055253982544, 0.0, -0.9958792328834534, -0.08276056498289108, 0.03708803281188011, 0.0, 0.08276038616895676, -0.6620846390724182, 0.744845449924469, 0.0, 0.0, 0.7551904320716858, 0.0, 1.0},
								{-0.03708841651678085, 0.7448455095291138, 0.6662055253982544, 0.0, -0.9958792328834534, -0.08276056498289108, 0.03708803281188011, 0.0, 0.08276038616895676, -0.6620846390724182, 0.744845449924469, 0.0, 0.0, 0.7551904320716858, 0.0, 1.0},
								{-0.03708841651678085, 0.7448455095291138, 0.6662055253982544, 0.0, -0.9958792328834534, -0.08276056498289108, 0.03708803281188011, 0.0, 0.08276038616895676, -0.6620846390724182, 0.744845449924469, 0.0, 0.0, 0.7551904320716858, 0.0, 1.0},
								{-0.03708841651678085, 0.7448455095291138, 0.6662055253982544, 0.0, -0.9958792328834534, -0.08276056498289108, 0.03708803281188011, 0.0, 0.08276038616895676, -0.6620846390724182, 0.744845449924469, 0.0, 0.0, 0.7551904320716858, 0.0, 1.0},
								{-0.03708841651678085, 0.7448455095291138, 0.6662055253982544, 0.0, -0.9958792328834534, -0.08276056498289108, 0.03708803281188011, 0.0, 0.08276038616895676, -0.6620846390724182, 0.744845449924469, 0.0, 0.0, 0.7551904320716858, 0.0, 1.0},
								{-0.03708841651678085, 0.7448455095291138, 0.6662055253982544, 0.0, -0.9958792328834534, -0.08276056498289108, 0.03708803281188011, 0.0, 0.08276038616895676, -0.6620846390724182, 0.744845449924469, 0.0, 0.0, 0.7551904320716858, 0.0, 1.0},
								{-0.03708841651678085, 0.7448455095291138, 0.6662055253982544, 0.0, -0.9958792328834534, -0.08276056498289108, 0.03708803281188011, 0.0, 0.08276038616895676, -0.6620846390724182, 0.744845449924469, 0.0, 0.0, 0.7551904320716858, 0.0, 1.0},
								{-0.03708841651678085, 0.7448455095291138, 0.6662055253982544, 0.0, -0.9958792328834534, -0.08276056498289108, 0.03708803281188011, 0.0, 0.08276038616895676, -0.6620846390724182, 0.744845449924469, 0.0, 0.0, 0.7551904320716858, 0.0, 1.0},
								{-0.03708841651678085, 0.7448455095291138, 0.6662055253982544, 0.0, -0.9958792328834534, -0.08276056498289108, 0.03708803281188011, 0.0, 0.08276038616895676, -0.6620846390724182, 0.744845449924469, 0.0, 0.0, 0.7551904320716858, 0.0, 1.0},
								{-0.03708841651678085, 0.7448455095291138, 0.6662055253982544, 0.0, -0.9958792328834534, -0.08276056498289108, 0.03708803281188011, 0.0, 0.08276038616895676, -0.6620846390724182, 0.744845449924469, 0.0, 0.0, 0.7551904320716858, 0.0, 1.0},
								{-0.03708841651678085, 0.7448455095291138, 0.6662055253982544, 0.0, -0.9958792328834534, -0.08276056498289108, 0.03708803281188011, 0.0, 0.08276038616895676, -0.6620846390724182, 0.744845449924469, 0.0, 0.0, 0.7551904320716858, 0.0, 1.0},
								{-0.03708841651678085, 0.7448455095291138, 0.6662055253982544, 0.0, -0.9958792328834534, -0.08276056498289108, 0.03708803281188011, 0.0, 0.08276038616895676, -0.6620846390724182, 0.744845449924469, 0.0, 0.0, 0.7551904320716858, 0.0, 1.0},
								{-0.03708841651678085, 0.7448455095291138, 0.6662055253982544, 0.0, -0.9958792328834534, -0.08276056498289108, 0.03708803281188011, 0.0, 0.08276038616895676, -0.6620846390724182, 0.744845449924469, 0.0, 0.0, 0.7551904320716858, 0.0, 1.0},
								{-0.03708841651678085, 0.7448455095291138, 0.6662055253982544, 0.0, -0.9958792328834534, -0.08276056498289108, 0.03708803281188011, 0.0, 0.08276038616895676, -0.6620846390724182, 0.744845449924469, 0.0, 0.0, 0.7551904320716858, 0.0, 1.0},
								{-0.03708841651678085, 0.7448455095291138, 0.6662055253982544, 0.0, -0.9958792328834534, -0.08276056498289108, 0.03708803281188011, 0.0, 0.08276038616895676, -0.6620846390724182, 0.744845449924469, 0.0, 0.0, 0.7551904320716858, 0.0, 1.0},
								{-0.03708841651678085, 0.7448455095291138, 0.6662055253982544, 0.0, -0.9958792328834534, -0.08276056498289108, 0.03708803281188011, 0.0, 0.08276038616895676, -0.6620846390724182, 0.744845449924469, 0.0, 0.0, 0.7551904320716858, 0.0, 1.0},
								{-0.03708841651678085, 0.7448455095291138, 0.6662055253982544, 0.0, -0.9958792328834534, -0.08276056498289108, 0.03708803281188011, 0.0, 0.08276038616895676, -0.6620846390724182, 0.744845449924469, 0.0, 0.0, 0.7551904320716858, 0.0, 1.0},
								{-0.03708841651678085, 0.7448455095291138, 0.6662055253982544, 0.0, -0.9958792328834534, -0.08276056498289108, 0.03708803281188011, 0.0, 0.08276038616895676, -0.6620846390724182, 0.744845449924469, 0.0, 0.0, 0.7551904320716858, 0.0, 1.0},
								{-0.03708841651678085, 0.7448455095291138, 0.6662055253982544, 0.0, -0.9958792328834534, -0.08276056498289108, 0.03708803281188011, 0.0, 0.08276038616895676, -0.6620846390724182, 0.744845449924469, 0.0, 0.0, 0.7551904320716858, 0.0, 1.0},
								{-0.03708841651678085, 0.7448455095291138, 0.6662055253982544, 0.0, -0.9958792328834534, -0.08276056498289108, 0.03708803281188011, 0.0, 0.08276038616895676, -0.6620846390724182, 0.744845449924469, 0.0, 0.0, 0.7551904320716858, 0.0, 1.0},
								{-0.03708841651678085, 0.7448455095291138, 0.6662055253982544, 0.0, -0.9958792328834534, -0.08276056498289108, 0.03708803281188011, 0.0, 0.08276038616895676, -0.6620846390724182, 0.744845449924469, 0.0, 0.0, 0.7551904320716858, 0.0, 1.0},
								{-0.03708841651678085, 0.7448455095291138, 0.6662055253982544, 0.0, -0.9958792328834534, -0.08276056498289108, 0.03708803281188011, 0.0, 0.08276038616895676, -0.6620846390724182, 0.744845449924469, 0.0, 0.0, 0.7551904320716858, 0.0, 1.0},
								{-0.03708841651678085, 0.7448455095291138, 0.6662055253982544, 0.0, -0.9958792328834534, -0.08276056498289108, 0.03708803281188011, 0.0, 0.08276038616895676, -0.6620846390724182, 0.744845449924469, 0.0, 0.0, 0.7551904320716858, 0.0, 1.0},
								{-0.03708841651678085, 0.7448455095291138, 0.6662055253982544, 0.0, -0.9958792328834534, -0.08276056498289108, 0.03708803281188011, 0.0, 0.08276038616895676, -0.6620846390724182, 0.744845449924469, 0.0, 0.0, 0.7551904320716858, 0.0, 1.0},
								{-0.03708841651678085, 0.7448455095291138, 0.6662055253982544, 0.0, -0.9958792328834534, -0.08276056498289108, 0.03708803281188011, 0.0, 0.08276038616895676, -0.6620846390724182, 0.744845449924469, 0.0, 0.0, 0.7551904320716858, 0.0, 1.0},
								{-0.03708841651678085, 0.7448455095291138, 0.6662055253982544, 0.0, -0.9958792328834534, -0.08276056498289108, 0.03708803281188011, 0.0, 0.08276038616895676, -0.6620846390724182, 0.744845449924469, 0.0, 0.0, 0.7551904320716858, 0.0, 1.0},
								{-0.03708841651678085, 0.7448455095291138, 0.6662055253982544, 0.0, -0.9958792328834534, -0.08276056498289108, 0.03708803281188011, 0.0, 0.08276038616895676, -0.6620846390724182, 0.744845449924469, 0.0, 0.0, 0.7551904320716858, 0.0, 1.0},
								{-0.03708841651678085, 0.7448455095291138, 0.6662055253982544, 0.0, -0.9958792328834534, -0.08276056498289108, 0.03708803281188011, 0.0, 0.08276038616895676, -0.6620846390724182, 0.744845449924469, 0.0, 0.0, 0.7551904320716858, 0.0, 1.0},
								{-0.03708841651678085, 0.7448455095291138, 0.6662055253982544, 0.0, -0.9958792328834534, -0.08276056498289108, 0.03708803281188011, 0.0, 0.08276038616895676, -0.6620846390724182, 0.744845449924469, 0.0, 0.0, 0.7551904320716858, 0.0, 1.0},
								{-0.03708841651678085, 0.7448455095291138, 0.6662055253982544, 0.0, -0.9958792328834534, -0.08276056498289108, 0.03708803281188011, 0.0, 0.08276038616895676, -0.6620846390724182, 0.744845449924469, 0.0, 0.0, 0.7551904320716858, 0.0, 1.0},
								{-0.03708841651678085, 0.7448455095291138, 0.6662055253982544, 0.0, -0.9958792328834534, -0.08276056498289108, 0.03708803281188011, 0.0, 0.08276038616895676, -0.6620846390724182, 0.744845449924469, 0.0, 0.0, 0.7551904320716858, 0.0, 1.0},
								{-0.03708841651678085, 0.7448455095291138, 0.6662055253982544, 0.0, -0.9958792328834534, -0.08276056498289108, 0.03708803281188011, 0.0, 0.08276038616895676, -0.6620846390724182, 0.744845449924469, 0.0, 0.0, 0.7551904320716858, 0.0, 1.0},
								{-0.03708841651678085, 0.7448455095291138, 0.6662055253982544, 0.0, -0.9958792328834534, -0.08276056498289108, 0.03708803281188011, 0.0, 0.08276038616895676, -0.6620846390724182, 0.744845449924469, 0.0, 0.0, 0.7551904320716858, 0.0, 1.0},
								{-0.03708841651678085, 0.7448455095291138, 0.6662055253982544, 0.0, -0.9958792328834534, -0.08276056498289108, 0.03708803281188011, 0.0, 0.08276038616895676, -0.6620846390724182, 0.744845449924469, 0.0, 0.0, 0.7551904320716858, 0.0, 1.0},
								{-0.03708841651678085, 0.7448455095291138, 0.6662055253982544, 0.0, -0.9958792328834534, -0.08276056498289108, 0.03708803281188011, 0.0, 0.08276038616895676, -0.6620846390724182, 0.744845449924469, 0.0, 0.0, 0.7551904320716858, 0.0, 1.0},
								{-0.03708841651678085, 0.7448455095291138, 0.6662055253982544, 0.0, -0.9958792328834534, -0.08276056498289108, 0.03708803281188011, 0.0, 0.08276038616895676, -0.6620846390724182, 0.744845449924469, 0.0, 0.0, 0.7551904320716858, 0.0, 1.0},
								{-0.03708841651678085, 0.7448455095291138, 0.6662055253982544, 0.0, -0.9958792328834534, -0.08276056498289108, 0.03708803281188011, 0.0, 0.08276038616895676, -0.6620846390724182, 0.744845449924469, 0.0, 0.0, 0.7551904320716858, 0.0, 1.0},
								{-0.03708841651678085, 0.7448455095291138, 0.6662055253982544, 0.0, -0.9958792328834534, -0.08276056498289108, 0.03708803281188011, 0.0, 0.08276038616895676, -0.6620846390724182, 0.744845449924469, 0.0, 0.0, 0.7551904320716858, 0.0, 1.0},
								{-0.03708841651678085, 0.7448455095291138, 0.6662055253982544, 0.0, -0.9958792328834534, -0.08276056498289108, 0.03708803281188011, 0.0, 0.08276038616895676, -0.6620846390724182, 0.744845449924469, 0.0, 0.0, 0.7551904320716858, 0.0, 1.0},
								{-0.03708841651678085, 0.7448455095291138, 0.6662055253982544, 0.0, -0.9958792328834534, -0.08276056498289108, 0.03708803281188011, 0.0, 0.08276038616895676, -0.6620846390724182, 0.744845449924469, 0.0, 0.0, 0.7551904320716858, 0.0, 1.0},
								{-0.03708841651678085, 0.7448455095291138, 0.6662055253982544, 0.0, -0.9958792328834534, -0.08276056498289108, 0.03708803281188011, 0.0, 0.08276038616895676, -0.6620846390724182, 0.744845449924469, 0.0, 0.0, 0.7551904320716858, 0.0, 1.0},
								{-0.03708841651678085, 0.7448455095291138, 0.6662055253982544, 0.0, -0.9958792328834534, -0.08276056498289108, 0.03708803281188011, 0.0, 0.08276038616895676, -0.6620846390724182, 0.744845449924469, 0.0, 0.0, 0.7551904320716858, 0.0, 1.0},
								{-0.03708841651678085, 0.7448455095291138, 0.6662055253982544, 0.0, -0.9958792328834534, -0.08276056498289108, 0.03708803281188011, 0.0, 0.08276038616895676, -0.6620846390724182, 0.744845449924469, 0.0, 0.0, 0.7551904320716858, 0.0, 1.0},
								{-0.03708841651678085, 0.7448455095291138, 0.6662055253982544, 0.0, -0.9958792328834534, -0.08276056498289108, 0.03708803281188011, 0.0, 0.08276038616895676, -0.6620846390724182, 0.744845449924469, 0.0, 0.0, 0.7551904320716858, 0.0, 1.0},
								{-0.03708841651678085, 0.7448455095291138, 0.6662055253982544, 0.0, -0.9958792328834534, -0.08276056498289108, 0.03708803281188011, 0.0, 0.08276038616895676, -0.6620846390724182, 0.744845449924469, 0.0, 0.0, 0.7551904320716858, 0.0, 1.0},
								{-0.03708841651678085, 0.7448455095291138, 0.6662055253982544, 0.0, -0.9958792328834534, -0.08276056498289108, 0.03708803281188011, 0.0, 0.08276038616895676, -0.6620846390724182, 0.744845449924469, 0.0, 0.0, 0.7551904320716858, 0.0, 1.0},
								{-0.03708841651678085, 0.7448455095291138, 0.6662055253982544, 0.0, -0.9958792328834534, -0.08276056498289108, 0.03708803281188011, 0.0, 0.08276038616895676, -0.6620846390724182, 0.744845449924469, 0.0, 0.0, 0.7551904320716858, 0.0, 1.0},
								{-0.03708841651678085, 0.7448455095291138, 0.6662055253982544, 0.0, -0.9958792328834534, -0.08276056498289108, 0.03708803281188011, 0.0, 0.08276038616895676, -0.6620846390724182, 0.744845449924469, 0.0, 0.0, 0.7551904320716858, 0.0, 1.0},
								{-0.03708841651678085, 0.7448455095291138, 0.6662055253982544, 0.0, -0.9958792328834534, -0.08276056498289108, 0.03708803281188011, 0.0, 0.08276038616895676, -0.6620846390724182, 0.744845449924469, 0.0, 0.0, 0.7551904320716858, 0.0, 1.0},
								{-0.03708841651678085, 0.7448455095291138, 0.6662055253982544, 0.0, -0.9958792328834534, -0.08276056498289108, 0.03708803281188011, 0.0, 0.08276038616895676, -0.6620846390724182, 0.744845449924469, 0.0, 0.0, 0.7551904320716858, 0.0, 1.0},
								{-0.03708841651678085, 0.7448455095291138, 0.6662055253982544, 0.0, -0.9958792328834534, -0.08276056498289108, 0.03708803281188011, 0.0, 0.08276038616895676, -0.6620846390724182, 0.744845449924469, 0.0, 0.0, 0.7551904320716858, 0.0, 1.0},
								{-0.03708841651678085, 0.7448455095291138, 0.6662055253982544, 0.0, -0.9958792328834534, -0.08276056498289108, 0.03708803281188011, 0.0, 0.08276038616895676, -0.6620846390724182, 0.744845449924469, 0.0, 0.0, 0.7551904320716858, 0.0, 1.0},
								{-0.03708841651678085, 0.7448455095291138, 0.6662055253982544, 0.0, -0.9958792328834534, -0.08276056498289108, 0.03708803281188011, 0.0, 0.08276038616895676, -0.6620846390724182, 0.744845449924469, 0.0, 0.0, 0.7551904320716858, 0.0, 1.0},
								{-0.03708841651678085, 0.7448455095291138, 0.6662055253982544, 0.0, -0.9958792328834534, -0.08276056498289108, 0.03708803281188011, 0.0, 0.08276038616895676, -0.6620846390724182, 0.744845449924469, 0.0, 0.0, 0.7551904320716858, 0.0, 1.0},
								{-0.03708841651678085, 0.7448455095291138, 0.6662055253982544, 0.0, -0.9958792328834534, -0.08276056498289108, 0.03708803281188011, 0.0, 0.08276038616895676, -0.6620846390724182, 0.744845449924469, 0.0, 0.0, 0.7551904320716858, 0.0, 1.0},
								{-0.03708841651678085, 0.7448455095291138, 0.6662055253982544, 0.0, -0.9958792328834534, -0.08276056498289108, 0.03708803281188011, 0.0, 0.08276038616895676, -0.6620846390724182, 0.744845449924469, 0.0, 0.0, 0.7551904320716858, 0.0, 1.0},
								{-0.03708841651678085, 0.7448455095291138, 0.6662055253982544, 0.0, -0.9958792328834534, -0.08276056498289108, 0.03708803281188011, 0.0, 0.08276038616895676, -0.6620846390724182, 0.744845449924469, 0.0, 0.0, 0.7551904320716858, 0.0, 1.0},
								{-0.03708841651678085, 0.7448455095291138, 0.6662055253982544, 0.0, -0.9958792328834534, -0.08276056498289108, 0.03708803281188011, 0.0, 0.08276038616895676, -0.6620846390724182, 0.744845449924469, 0.0, 0.0, 0.7551904320716858, 0.0, 1.0},
								{-0.03708841651678085, 0.7448455095291138, 0.6662055253982544, 0.0, -0.9958792328834534, -0.08276056498289108, 0.03708803281188011, 0.0, 0.08276038616895676, -0.6620846390724182, 0.744845449924469, 0.0, 0.0, 0.7551904320716858, 0.0, 1.0},
								{-0.03708841651678085, 0.7448455095291138, 0.6662055253982544, 0.0, -0.9958792328834534, -0.08276056498289108, 0.03708803281188011, 0.0, 0.08276038616895676, -0.6620846390724182, 0.744845449924469, 0.0, 0.0, 0.7551904320716858, 0.0, 1.0},
								{-0.03708841651678085, 0.7448455095291138, 0.6662055253982544, 0.0, -0.9958792328834534, -0.08276056498289108, 0.03708803281188011, 0.0, 0.08276038616895676, -0.6620846390724182, 0.744845449924469, 0.0, 0.0, 0.7551904320716858, 0.0, 1.0},
								{-0.03708841651678085, 0.7448455095291138, 0.6662055253982544, 0.0, -0.9958792328834534, -0.08276056498289108, 0.03708803281188011, 0.0, 0.08276038616895676, -0.6620846390724182, 0.744845449924469, 0.0, 0.0, 0.7551904320716858, 0.0, 1.0},
								{-0.03708841651678085, 0.7448455095291138, 0.6662055253982544, 0.0, -0.9958792328834534, -0.08276056498289108, 0.03708803281188011, 0.0, 0.08276038616895676, -0.6620846390724182, 0.744845449924469, 0.0, 0.0, 0.7551904320716858, 0.0, 1.0},
								{-0.03708841651678085, 0.7448455095291138, 0.6662055253982544, 0.0, -0.9958792328834534, -0.08276056498289108, 0.03708803281188011, 0.0, 0.08276038616895676, -0.6620846390724182, 0.744845449924469, 0.0, 0.0, 0.7551904320716858, 0.0, 1.0},
								{-0.03708841651678085, 0.7448455095291138, 0.6662055253982544, 0.0, -0.9958792328834534, -0.08276056498289108, 0.03708803281188011, 0.0, 0.08276038616895676, -0.6620846390724182, 0.744845449924469, 0.0, 0.0, 0.7551904320716858, 0.0, 1.0},
								{-0.03708841651678085, 0.7448455095291138, 0.6662055253982544, 0.0, -0.9958792328834534, -0.08276056498289108, 0.03708803281188011, 0.0, 0.08276038616895676, -0.6620846390724182, 0.744845449924469, 0.0, 0.0, 0.7551904320716858, 0.0, 1.0},
								{-0.03708841651678085, 0.7448455095291138, 0.6662055253982544, 0.0, -0.9958792328834534, -0.08276056498289108, 0.03708803281188011, 0.0, 0.08276038616895676, -0.6620846390724182, 0.744845449924469, 0.0, 0.0, 0.7551904320716858, 0.0, 1.0},
								{-0.03708841651678085, 0.7448455095291138, 0.6662055253982544, 0.0, -0.9958792328834534, -0.08276056498289108, 0.03708803281188011, 0.0, 0.08276038616895676, -0.6620846390724182, 0.744845449924469, 0.0, 0.0, 0.7551904320716858, 0.0, 1.0},
								{-0.03708841651678085, 0.7448455095291138, 0.6662055253982544, 0.0, -0.9958792328834534, -0.08276056498289108, 0.03708803281188011, 0.0, 0.08276038616895676, -0.6620846390724182, 0.744845449924469, 0.0, 0.0, 0.7551904320716858, 0.0, 1.0},
								{-0.03708841651678085, 0.7448455095291138, 0.6662055253982544, 0.0, -0.9958792328834534, -0.08276056498289108, 0.03708803281188011, 0.0, 0.08276038616895676, -0.6620846390724182, 0.744845449924469, 0.0, 0.0, 0.7551904320716858, 0.0, 1.0},
								{-0.03708841651678085, 0.7448455095291138, 0.6662055253982544, 0.0, -0.9958792328834534, -0.08276056498289108, 0.03708803281188011, 0.0, 0.08276038616895676, -0.6620846390724182, 0.744845449924469, 0.0, 0.0, 0.7551904320716858, 0.0, 1.0},
								{-0.03708841651678085, 0.7448455095291138, 0.6662055253982544, 0.0, -0.9958792328834534, -0.08276056498289108, 0.03708803281188011, 0.0, 0.08276038616895676, -0.6620846390724182, 0.744845449924469, 0.0, 0.0, 0.7551904320716858, 0.0, 1.0},
								{-0.03708841651678085, 0.7448455095291138, 0.6662055253982544, 0.0, -0.9958792328834534, -0.08276056498289108, 0.03708803281188011, 0.0, 0.08276038616895676, -0.6620846390724182, 0.744845449924469, 0.0, 0.0, 0.7551904320716858, 0.0, 1.0},
								{-0.03708841651678085, 0.7448455095291138, 0.6662055253982544, 0.0, -0.9958792328834534, -0.08276056498289108, 0.03708803281188011, 0.0, 0.08276038616895676, -0.6620846390724182, 0.744845449924469, 0.0, 0.0, 0.7551904320716858, 0.0, 1.0},
								{-0.03708841651678085, 0.7448455095291138, 0.6662055253982544, 0.0, -0.9958792328834534, -0.08276056498289108, 0.03708803281188011, 0.0, 0.08276038616895676, -0.6620846390724182, 0.744845449924469, 0.0, 0.0, 0.7551904320716858, 0.0, 1.0},
								{-0.03708841651678085, 0.7448455095291138, 0.6662055253982544, 0.0, -0.9958792328834534, -0.08276056498289108, 0.03708803281188011, 0.0, 0.08276038616895676, -0.6620846390724182, 0.744845449924469, 0.0, 0.0, 0.7551904320716858, 0.0, 1.0},
								{-0.03708841651678085, 0.7448455095291138, 0.6662055253982544, 0.0, -0.9958792328834534, -0.08276056498289108, 0.03708803281188011, 0.0, 0.08276038616895676, -0.6620846390724182, 0.744845449924469, 0.0, 0.0, 0.7551904320716858, 0.0, 1.0},
								{-0.03708841651678085, 0.7448455095291138, 0.6662055253982544, 0.0, -0.9958792328834534, -0.08276056498289108, 0.03708803281188011, 0.0, 0.08276038616895676, -0.6620846390724182, 0.744845449924469, 0.0, 0.0, 0.7551904320716858, 0.0, 1.0},
								{-0.03708841651678085, 0.7448455095291138, 0.6662055253982544, 0.0, -0.9958792328834534, -0.08276056498289108, 0.03708803281188011, 0.0, 0.08276038616895676, -0.6620846390724182, 0.744845449924469, 0.0, 0.0, 0.7551904320716858, 0.0, 1.0},
								{-0.03708841651678085, 0.7448455095291138, 0.6662055253982544, 0.0, -0.9958792328834534, -0.08276056498289108, 0.03708803281188011, 0.0, 0.08276038616895676, -0.6620846390724182, 0.744845449924469, 0.0, 0.0, 0.7551904320716858, 0.0, 1.0},
								{-0.03708841651678085, 0.7448455095291138, 0.6662055253982544, 0.0, -0.9958792328834534, -0.08276056498289108, 0.03708803281188011, 0.0, 0.08276038616895676, -0.6620846390724182, 0.744845449924469, 0.0, 0.0, 0.7551904320716858, 0.0, 1.0},
								{-0.03708841651678085, 0.7448455095291138, 0.6662055253982544, 0.0, -0.9958792328834534, -0.08276056498289108, 0.03708803281188011, 0.0, 0.08276038616895676, -0.6620846390724182, 0.744845449924469, 0.0, 0.0, 0.7551904320716858, 0.0, 1.0},
								{-0.03708841651678085, 0.7448455095291138, 0.6662055253982544, 0.0, -0.9958792328834534, -0.08276056498289108, 0.03708803281188011, 0.0, 0.08276038616895676, -0.6620846390724182, 0.744845449924469, 0.0, 0.0, 0.7551904320716858, 0.0, 1.0},
								{-0.03708841651678085, 0.7448455095291138, 0.6662055253982544, 0.0, -0.9958792328834534, -0.08276056498289108, 0.03708803281188011, 0.0, 0.08276038616895676, -0.6620846390724182, 0.744845449924469, 0.0, 0.0, 0.7551904320716858, 0.0, 1.0},
								{-0.03708841651678085, 0.7448455095291138, 0.6662055253982544, 0.0, -0.9958792328834534, -0.08276056498289108, 0.03708803281188011, 0.0, 0.08276038616895676, -0.6620846390724182, 0.744845449924469, 0.0, 0.0, 0.7551904320716858, 0.0, 1.0},
								{-0.03708841651678085, 0.7448455095291138, 0.6662055253982544, 0.0, -0.9958792328834534, -0.08276056498289108, 0.03708803281188011, 0.0, 0.08276038616895676, -0.6620846390724182, 0.744845449924469, 0.0, 0.0, 0.7551904320716858, 0.0, 1.0},
								{-0.03708841651678085, 0.7448455095291138, 0.6662055253982544, 0.0, -0.9958792328834534, -0.08276056498289108, 0.03708803281188011, 0.0, 0.08276038616895676, -0.6620846390724182, 0.744845449924469, 0.0, 0.0, 0.7551904320716858, 0.0, 1.0},
								{-0.03708841651678085, 0.7448455095291138, 0.6662055253982544, 0.0, -0.9958792328834534, -0.08276056498289108, 0.03708803281188011, 0.0, 0.08276038616895676, -0.6620846390724182, 0.744845449924469, 0.0, 0.0, 0.7551904320716858, 0.0, 1.0},
								{-0.03708841651678085, 0.7448455095291138, 0.6662055253982544, 0.0, -0.9958792328834534, -0.08276056498289108, 0.03708803281188011, 0.0, 0.08276038616895676, -0.6620846390724182, 0.744845449924469, 0.0, 0.0, 0.7551904320716858, 0.0, 1.0},
								{-0.03708841651678085, 0.7448455095291138, 0.6662055253982544, 0.0, -0.9958792328834534, -0.08276056498289108, 0.03708803281188011, 0.0, 0.08276038616895676, -0.6620846390724182, 0.744845449924469, 0.0, 0.0, 0.7551904320716858, 0.0, 1.0},
								{-0.03708841651678085, 0.7448455095291138, 0.6662055253982544, 0.0, -0.9958792328834534, -0.08276056498289108, 0.03708803281188011, 0.0, 0.08276038616895676, -0.6620846390724182, 0.744845449924469, 0.0, 0.0, 0.7551904320716858, 0.0, 1.0},
								{-0.03708841651678085, 0.7448455095291138, 0.6662055253982544, 0.0, -0.9958792328834534, -0.08276056498289108, 0.03708803281188011, 0.0, 0.08276038616895676, -0.6620846390724182, 0.744845449924469, 0.0, 0.0, 0.7551904320716858, 0.0, 1.0},
								{-0.03708841651678085, 0.7448455095291138, 0.6662055253982544, 0.0, -0.9958792328834534, -0.08276056498289108, 0.03708803281188011, 0.0, 0.08276038616895676, -0.6620846390724182, 0.744845449924469, 0.0, 0.0, 0.7551904320716858, 0.0, 1.0},
								{-0.03708841651678085, 0.7448455095291138, 0.6662055253982544, 0.0, -0.9958792328834534, -0.08276056498289108, 0.03708803281188011, 0.0, 0.08276038616895676, -0.6620846390724182, 0.744845449924469, 0.0, 0.0, 0.7551904320716858, 0.0, 1.0},
								{-0.03708841651678085, 0.7448455095291138, 0.6662055253982544, 0.0, -0.9958792328834534, -0.08276056498289108, 0.03708803281188011, 0.0, 0.08276038616895676, -0.6620846390724182, 0.744845449924469, 0.0, 0.0, 0.7551904320716858, 0.0, 1.0},
								{-0.03708841651678085, 0.7448455095291138, 0.6662055253982544, 0.0, -0.9958792328834534, -0.08276056498289108, 0.03708803281188011, 0.0, 0.08276038616895676, -0.6620846390724182, 0.744845449924469, 0.0, 0.0, 0.7551904320716858, 0.0, 1.0},
								{-0.03708841651678085, 0.7448455095291138, 0.6662055253982544, 0.0, -0.9958792328834534, -0.08276056498289108, 0.03708803281188011, 0.0, 0.08276038616895676, -0.6620846390724182, 0.744845449924469, 0.0, 0.0, 0.7551904320716858, 0.0, 1.0},
								{-0.03708841651678085, 0.7448455095291138, 0.6662055253982544, 0.0, -0.9958792328834534, -0.08276056498289108, 0.03708803281188011, 0.0, 0.08276038616895676, -0.6620846390724182, 0.744845449924469, 0.0, 0.0, 0.7551904320716858, 0.0, 1.0},
								{-0.03708841651678085, 0.7448455095291138, 0.6662055253982544, 0.0, -0.9958792328834534, -0.08276056498289108, 0.03708803281188011, 0.0, 0.08276038616895676, -0.6620846390724182, 0.744845449924469, 0.0, 0.0, 0.7551904320716858, 0.0, 1.0},
								{-0.03708841651678085, 0.7448455095291138, 0.6662055253982544, 0.0, -0.9958792328834534, -0.08276056498289108, 0.03708803281188011, 0.0, 0.08276038616895676, -0.6620846390724182, 0.744845449924469, 0.0, 0.0, 0.7551904320716858, 0.0, 1.0},
								{-0.03708841651678085, 0.7448455095291138, 0.6662055253982544, 0.0, -0.9958792328834534, -0.08276056498289108, 0.03708803281188011, 0.0, 0.08276038616895676, -0.6620846390724182, 0.744845449924469, 0.0, 0.0, 0.7551904320716858, 0.0, 1.0},
								{-0.03708841651678085, 0.7448455095291138, 0.6662055253982544, 0.0, -0.9958792328834534, -0.08276056498289108, 0.03708803281188011, 0.0, 0.08276038616895676, -0.6620846390724182, 0.744845449924469, 0.0, 0.0, 0.7551904320716858, 0.0, 1.0},
								{-0.03708841651678085, 0.7448455095291138, 0.6662055253982544, 0.0, -0.9958792328834534, -0.08276056498289108, 0.03708803281188011, 0.0, 0.08276038616895676, -0.6620846390724182, 0.744845449924469, 0.0, 0.0, 0.7551904320716858, 0.0, 1.0},
								{-0.03708841651678085, 0.7448455095291138, 0.6662055253982544, 0.0, -0.9958792328834534, -0.08276056498289108, 0.03708803281188011, 0.0, 0.08276038616895676, -0.6620846390724182, 0.744845449924469, 0.0, 0.0, 0.7551904320716858, 0.0, 1.0},
								{-0.03708841651678085, 0.7448455095291138, 0.6662055253982544, 0.0, -0.9958792328834534, -0.08276056498289108, 0.03708803281188011, 0.0, 0.08276038616895676, -0.6620846390724182, 0.744845449924469, 0.0, 0.0, 0.7551904320716858, 0.0, 1.0},
								{-0.03708841651678085, 0.7448455095291138, 0.6662055253982544, 0.0, -0.9958792328834534, -0.08276056498289108, 0.03708803281188011, 0.0, 0.08276038616895676, -0.6620846390724182, 0.744845449924469, 0.0, 0.0, 0.7551904320716858, 0.0, 1.0},
